0.0
0.0
0.0
0.0
0.0
0.0
10.0
6.0
37.0
17.0
26.0
36.0
0.0
26.0
22.0
42.0
142.0
39.0
27.0
44.0
0.0
57.0
50.0
65.0
136.0
55.0
42.0
30.0
0.0
51.0
40.0
47.0
72.0
51.0
35.0
49.0
0.0
34.0
25.0
62.0
34.0
29.0
41.0
45.0
0.0
33.0
46.0
75.0
47.0
35.0
39.0
45.0
0.0
44.0
50.0
91.0
48.0
62.0
63.0
70.0
0.0
65.0
58.0
96.0
48.0
43.0
69.0
49.0
0.0
66.0
127.0
70.0
76.0
70.0
51.0
78.0
0.0
76.0
142.0
84.0
62.0
78.0
66.0
90.0
0.0
98.0
195.0
106.0
95.0
84.0
88.0
98.0
0.0
94.0
176.0
88.0
110.0
108.0
130.0
124.0
0.0
103.0
233.0
116.0
135.0
141.0
131.0
123.0
0.0
129.0
319.0
138.0
147.0
188.0
177.0
193.0
0.0
212.0
406.0
223.0
296.0
328.0
319.0
250.0
0.0
272.0
517.0
289.0
314.0
391.0
417.0
511.0
506.0
785.0
788.0
899.0
1031.0
588.0
0.0
383.0
598.0
227.0
231.0
218.0
231.0
210.0
223.0
198.0
216.0
213.0
201.0
193.0
182.0
220.0
0.0
189.0
357.0
172.0
181.0
172.0
145.0
159.0
168.0
164.0
143.0
136.0
162.0
170.0
174.0
205.0
0.0
176.0
306.0
181.0
174.0
161.0
160.0
164.0
194.0
176.0
195.0
188.0
185.0
204.0
191.0
226.0
0.0
188.0
399.0
204.0
251.0
219.0
223.0
243.0
227.0
275.0
259.0
291.0
306.0
320.0
392.0
362.0
484.0
0.0
1032.0
650.0
736.0
714.0
799.0
731.0
693.0
736.0
653.0
660.0
661.0
601.0
590.0
595.0
517.0
0.0
964.0
481.0
471.0
464.0
458.0
447.0
430.0
456.0
452.0
416.0
456.0
389.0
454.0
532.0
527.0
0.0
1062.0
406.0
376.0
433.0
355.0
406.0
404.0
459.0
420.0
421.0
440.0
370.0
450.0
678.0
526.0
942.0
767.0
1019.0
779.0
542.0
