542.0
779.0
1019.0
767.0
942.0
526.0
678.0
450.0
370.0
440.0
421.0
420.0
459.0
404.0
406.0
355.0
433.0
376.0
406.0
526.0
536.0
527.0
532.0
454.0
389.0
456.0
416.0
452.0
456.0
430.0
447.0
458.0
464.0
471.0
481.0
469.0
495.0
517.0
595.0
590.0
601.0
661.0
660.0
653.0
736.0
693.0
731.0
799.0
714.0
736.0
650.0
536.0
496.0
484.0
362.0
392.0
320.0
306.0
291.0
259.0
275.0
227.0
243.0
223.0
219.0
251.0
204.0
205.0
194.0
188.0
226.0
191.0
204.0
185.0
188.0
195.0
176.0
194.0
164.0
160.0
161.0
174.0
181.0
144.0
162.0
176.0
205.0
174.0
170.0
162.0
136.0
143.0
164.0
168.0
159.0
145.0
172.0
181.0
172.0
184.0
173.0
189.0
220.0
182.0
193.0
201.0
213.0
216.0
198.0
223.0
210.0
231.0
218.0
231.0
227.0
248.0
350.0
383.0
588.0
1031.0
899.0
788.0
785.0
506.0
511.0
417.0
391.0
314.0
289.0
255.0
262.0
272.0
250.0
319.0
328.0
296.0
223.0
200.0
206.0
212.0
193.0
177.0
188.0
147.0
138.0
152.0
167.0
129.0
123.0
131.0
141.0
135.0
116.0
123.0
110.0
103.0
124.0
130.0
108.0
110.0
88.0
86.0
90.0
94.0
98.0
88.0
84.0
95.0
106.0
103.0
92.0
98.0
90.0
66.0
78.0
62.0
84.0
65.0
77.0
76.0
78.0
51.0
70.0
76.0
70.0
64.0
63.0
66.0
49.0
69.0
43.0
48.0
37.0
59.0
58.0
65.0
70.0
63.0
62.0
48.0
38.0
53.0
50.0
44.0
45.0
39.0
35.0
47.0
36.0
39.0
46.0
33.0
45.0
41.0
29.0
34.0
27.0
35.0
25.0
34.0
49.0
35.0
51.0
38.0
34.0
47.0
40.0
51.0
30.0
42.0
55.0
54.0
82.0
65.0
50.0
57.0
44.0
27.0
39.0
66.0
76.0
42.0
22.0
26.0
36.0
26.0
17.0
19.0
18.0
6.0
10.0
0.0
0.0
0.0
0.0
0.0
